id: (0,)
[-0.472311393281861, -0.7643067715472842, 0.09656929705022141, 0.1586013500275957]
[0.002320971862550883, -0.10578225927433584, -0.9934249749820026, 0.4266336962707797]
[0.7694939666845534, -0.4688558788907833, 0.05994374696033381, 2.680794478557369]
[0.0, 0.0, 0.0, 1.0]
---------------------------------------
id: (2,)
[0.0725224626947198, -0.047356446434909424, -0.9961865117213244, -0.3506164613097081]
[-0.5777408828680701, 0.5956113165342777, -0.07387264952944043, 3.272745925457177]
[0.5971868612576375, 0.5807475691516915, 0.011203284304220868, -4.113012285833502]
[0.0, 0.0, 0.0, 1.0]
---------------------------------------
id: (1,)
[0.023503823636989385, 0.6061881581332768, 0.05791080941371112, -0.6955922042880787]
[0.006717451847478464, 0.03440119064061141, -0.9980529262556689, 0.3692415080055192]
[-0.607221950942428, 0.02383829744583496, -0.01918412135152608, 7.328642406259276]
[0.0, 0.0, 0.0, 1.0]
---------------------------------------
id: (3,)
[0.7817672882563965, -0.396689126078183, -0.09855054772855054, -4.965776692046386]
[-0.10858584295696332, -0.028197924892092836, -0.9905230127240593, 1.2072052794480066]
[0.3906842011700079, 0.7856617606690277, -0.09155080654627633, -1.7563957766230813]
[0.0, 0.0, 0.0, 1.0]
---------------------------------------
id: (17,)
[-0.28995427738797847, -0.17364831431413358, 0.005383062947047784, 1.0272651391472913]
[0.05057978066378506, -0.023854371446471578, -0.9965922895753307, 0.06677546535499465]
[0.17163019150438374, -0.28905577129444954, 0.05044436036530784, 0.6839709687694423]
[0.0, 0.0, 0.0, 1.0]
---------------------------------------
